message :Vulnérabilité détectée à l'université XYZ. Correctif prévu le 15/12 à 23h00. Informez les départements. Code d'urgence : XYZ#4921Sec.

Plaintext:
86,117,108,110,195,169,114,97,98,105,108,105,116,195,169,32,100,195,169,116,101,99,116,195,169,101,32,195,160,32,108,39,117,110,105,118,101,114,115,105,116,195,169,32,88,89,90,46,32,67,111,114,114,101,99,116,105,102,32,112,114,195,169,118,117,32,108,101,32,49,53,47,49,50,32,195,160,32,50,51,104,48,48,46,32,73,110,102,111,114,109,101,122,32,108,101,115,32,100,195,169,112,97,114,116,101,109,101,110,116,115,46,32,67,111,100,101,32,100,39,117,114,103,101,110,99,101,32,58,32,88,89,90,35,52,57,50,49,83,101,99,46

Ciphertext:
1906, 2160, 745, 2235, 205, 2209, 2412, 1632, 2570, 3179, 745, 3179, 884, 205, 2209, 1992, 1773, 205, 2209, 884, 1313, 281, 884, 205, 2209, 1313, 1992, 205, 1379, 1992, 745, 1956, 2160, 2235, 3179, 2578, 1313, 2412, 1230, 3179, 884, 205, 2209, 1992, 1345, 99, 1668, 2825, 1992, 641, 2185, 2412, 2412, 1313, 281, 884, 3179, 1369, 1992, 612, 2412, 205, 2209, 2578, 2160, 1992, 745, 1313, 1992, 2906, 1802, 501, 2906, 538, 1992, 205, 1379, 1992, 538, 368, 2170, 624, 624, 2825, 1992, 1486, 2235, 1369, 2185, 2412, 2271, 1313, 1830, 1992, 745, 1313, 1230, 1992, 1773, 205, 2209, 612, 1632, 2412, 884, 1313, 2271, 1313, 2235, 884, 1230, 2825, 1992, 641, 2185, 1773, 1313, 1992, 1773, 1956, 2160, 2412, 2923, 1313, 2235, 281, 1313, 1992, 436, 1992, 1345, 99, 1668, 921, 529, 1175, 538, 2906, 2680, 1313, 281, 2825

clé privé : d = 2753
clé public: e = 65537
n= 3233
